#Multi-Element xMAP Settings saved: Mon Nov 29 12:49:26 2010
[general]
prefix= 13SDD1:
nmcas = 4
filesaver= netCDF1:
[roi]
ROI00 = total | 76 1207 76 1207 76 1205 75 1207
ROI01 = Fe Ka | 406 458 406 458 406 458 405 457
ROI02 = U La1 | 888 940 888 940 887 939 888 940
[calibration]
OFFSET = -0.02518415 -0.02228263 -0.03167034 -0.01133988 
SLOPE  = 0.01479939 0.01479478 0.01482842 0.01478658 
QUAD   = 0 0 0 0 
[dxp]
PreampGain = 1.5700 1.5900 1.5780 1.5750
MaxEnergy = 29.999 29.999 29.999 29.999
ADCPercentRule = 5.0 5.0 5.0 5.0
BaselineCutPercent = 0 0 0 0
BaselineThreshold = 1.007 1.007 1.007 1.007
BaselineFilterLength = 256 256 256 256
BaselineCutEnable = No No No No
InputCountRate = 8.0 10.2 20.5 20.5
OutputCountRate = 0 0 0 0
GapTime = 0.26 0.26 0.26 0.26
PeakingTime = 2.000 2.000 2.000 2.000
EnergyThreshold = 0 0 0 0
MaxWidth = 4.50 4.50 4.50 4.50
PresetMode = No preset No preset No preset No preset
TriggerPeakingTime = 0.15 0.15 0.15 0.15
TriggerGapTime = 0 0 0 0
TriggerThreshold = 1.000 1.000 1.000 1.000